Z = 92
E(eV) = 1000
Positron/Electron(0/1) = 1
azimuth(deg) = 90

Px = 1
Py = 0
Pz = 0

alphaD (Aˆ3) = 22.6278

P = 1

Pn = -1 

sT(A*A) = 4.16245 
sTRA(A*A) = 0.808204 
sTRA2(A*A) = 0.755909 

